CHEFE 2 200 40000 240 -150

INIMIGO 2 0 96 -80
INIMIGO 2 120 96 -80
INIMIGO 2 240 96 -80
INIMIGO 2 360 96 -80
INIMIGO 2 480 96 -80
INIMIGO 2 600 96 -80
INIMIGO 2 720 96 -80
INIMIGO 2 840 96 -80
INIMIGO 2 960 96 -80
INIMIGO 2 1080 96 -80
INIMIGO 2 1500 384 -80
INIMIGO 2 1620 384 -80
INIMIGO 2 1740 384 -80
INIMIGO 2 1860 384 -80
INIMIGO 2 1980 384 -80
INIMIGO 2 2100 384 -80
INIMIGO 2 2220 384 -80
INIMIGO 2 2340 384 -80
INIMIGO 2 2460 384 -80
INIMIGO 2 2580 384 -80
INIMIGO 1 2000 240 -50
INIMIGO 1 2500 190 -50
INIMIGO 1 2500 290 -50
INIMIGO 1 3000 140 -50
INIMIGO 1 3000 340 -50
POWERUP 2 4000 120 -50
INIMIGO 1 5000 50 -50
INIMIGO 1 5000 150 -50
INIMIGO 1 5000 250 -50
INIMIGO 1 5000 350 -50
INIMIGO 1 5000 450 -50
INIMIGO 1 6000 100 -50
INIMIGO 1 6000 200 -50
INIMIGO 1 6000 300 -50
INIMIGO 1 6000 400 -50
INIMIGO 2 8000 96 -80
INIMIGO 2 8120 96 -80
INIMIGO 2 8240 96 -80
INIMIGO 2 8360 96 -80
INIMIGO 2 8480 96 -80
INIMIGO 2 8600 96 -80
INIMIGO 2 8720 96 -80
INIMIGO 2 8840 96 -80
INIMIGO 2 8960 96 -80
INIMIGO 2 9080 96 -80
INIMIGO 1 10000 50 -50
INIMIGO 1 10000 430 -50
INIMIGO 1 10500 100 -50
INIMIGO 1 10500 380 -50
INIMIGO 1 11000 150 -50
INIMIGO 1 11000 330 -50
INIMIGO 1 11500 200 -50
INIMIGO 1 11500 280 -50
INIMIGO 1 12000 240 -50
INIMIGO 2 13000 384 -80
INIMIGO 2 13120 384 -80
INIMIGO 2 13240 384 -80
INIMIGO 2 13360 384 -80
INIMIGO 2 13480 384 -80
INIMIGO 2 13600 384 -80
INIMIGO 2 13720 384 -80
INIMIGO 2 13840 384 -80
INIMIGO 2 13960 384 -80
INIMIGO 2 14080 384 -80
POWERUP 1 15000 240 -50
INIMIGO 1 16000 80 -50
INIMIGO 1 16000 240 -50
INIMIGO 1 16000 400 -50
INIMIGO 1 17000 160 -50
INIMIGO 1 17000 320 -50
INIMIGO 1 18000 80 -50
INIMIGO 1 18000 240 -50
INIMIGO 1 18000 400 -50
INIMIGO 2 20000 96 -80
INIMIGO 2 20120 96 -80
INIMIGO 2 20240 96 -80
INIMIGO 2 20360 96 -80
INIMIGO 2 20480 96 -80
INIMIGO 2 20600 96 -80
INIMIGO 2 20720 96 -80
INIMIGO 2 20840 96 -80
INIMIGO 2 20960 96 -80
INIMIGO 2 21080 96 -80
INIMIGO 1 22000 90 -50
INIMIGO 1 22000 390 -50
INIMIGO 1 22500 140 -50
INIMIGO 1 22500 340 -50
INIMIGO 1 23000 190 -50
INIMIGO 1 23000 290 -50
INIMIGO 1 23500 240 -50
INIMIGO 2 25000 384 -80
INIMIGO 2 25120 384 -80
INIMIGO 2 25240 384 -80
INIMIGO 2 25360 384 -80
INIMIGO 2 25480 384 -80
INIMIGO 2 25600 384 -80
INIMIGO 2 25720 384 -80
INIMIGO 2 25840 384 -80
INIMIGO 2 25960 384 -80
INIMIGO 2 26080 384 -80

INIMIGO 2 30000 96 -80
INIMIGO 2 30120 96 -80
INIMIGO 2 30240 96 -80
INIMIGO 2 30360 96 -80
INIMIGO 2 30480 96 -80
INIMIGO 2 30600 96 -80
INIMIGO 2 30720 96 -80
INIMIGO 2 30840 96 -80
INIMIGO 2 30960 96 -80
INIMIGO 2 31080 96 -80
INIMIGO 2 31500 384 -80
INIMIGO 2 31620 384 -80
INIMIGO 2 31740 384 -80
INIMIGO 2 31860 384 -80
INIMIGO 2 31980 384 -80
INIMIGO 2 32100 384 -80
INIMIGO 2 32220 384 -80
INIMIGO 2 32340 384 -80
INIMIGO 2 32460 384 -80
INIMIGO 2 32580 384 -80
INIMIGO 1 32000 240 -50
INIMIGO 1 32500 190 -50
INIMIGO 1 32500 290 -50
INIMIGO 1 33000 140 -50
INIMIGO 1 33000 340 -50
POWERUP 2 34000 360 -50
INIMIGO 1 35000 50 -50
INIMIGO 1 35000 150 -50
INIMIGO 1 35000 250 -50
INIMIGO 1 35000 350 -50
INIMIGO 1 35000 450 -50
INIMIGO 1 36000 100 -50
INIMIGO 1 36000 200 -50
INIMIGO 1 36000 300 -50
INIMIGO 1 36000 400 -50
INIMIGO 2 38000 96 -80
INIMIGO 2 38120 96 -80
INIMIGO 2 38240 96 -80
INIMIGO 2 38360 96 -80
INIMIGO 2 38480 96 -80
INIMIGO 2 38600 96 -80
INIMIGO 2 38720 96 -80
INIMIGO 2 38840 96 -80
INIMIGO 2 38960 96 -80
INIMIGO 2 39080 96 -80
INIMIGO 1 40000 50 -50
INIMIGO 1 40000 430 -50
INIMIGO 1 40500 100 -50
INIMIGO 1 40500 380 -50
INIMIGO 1 41000 150 -50
INIMIGO 1 41000 330 -50
INIMIGO 1 41500 200 -50
INIMIGO 1 41500 280 -50
INIMIGO 1 42000 240 -50
INIMIGO 2 43000 384 -80
INIMIGO 2 43120 384 -80
INIMIGO 2 43240 384 -80
INIMIGO 2 43360 384 -80
INIMIGO 2 43480 384 -80
INIMIGO 2 43600 384 -80
INIMIGO 2 43720 384 -80
INIMIGO 2 43840 384 -80
INIMIGO 2 43960 384 -80
INIMIGO 2 44080 384 -80
POWERUP 1 45000 240 -50
INIMIGO 1 46000 80 -50
INIMIGO 1 46000 240 -50
INIMIGO 1 46000 400 -50
INIMIGO 1 47000 160 -50
INIMIGO 1 47000 320 -50
INIMIGO 1 48000 80 -50
INIMIGO 1 48000 240 -50
INIMIGO 1 48000 400 -50
INIMIGO 2 50000 96 -80
INIMIGO 2 50120 96 -80
INIMIGO 2 50240 96 -80
INIMIGO 2 50360 96 -80
INIMIGO 2 50480 96 -80
INIMIGO 2 50600 96 -80
INIMIGO 2 50720 96 -80
INIMIGO 2 50840 96 -80
INIMIGO 2 50960 96 -80
INIMIGO 2 51080 96 -80
INIMIGO 1 52000 90 -50
INIMIGO 1 52000 390 -50
INIMIGO 1 52500 140 -50
INIMIGO 1 52500 340 -50
INIMIGO 1 53000 190 -50
INIMIGO 1 53000 290 -50
INIMIGO 1 53500 240 -50
INIMIGO 2 55000 384 -80
INIMIGO 2 55120 384 -80
INIMIGO 2 55240 384 -80
INIMIGO 2 55360 384 -80
INIMIGO 2 55480 384 -80
INIMIGO 2 55600 384 -80
INIMIGO 2 55720 384 -80
INIMIGO 2 55840 384 -80
INIMIGO 2 55960 384 -80
INIMIGO 2 56080 384 -80

INIMIGO 2 60000 96 -80
INIMIGO 2 60120 96 -80
INIMIGO 2 60240 96 -80
INIMIGO 2 60360 96 -80
INIMIGO 2 60480 96 -80
INIMIGO 2 60600 96 -80
INIMIGO 2 60720 96 -80
INIMIGO 2 60840 96 -80
INIMIGO 2 60960 96 -80
INIMIGO 2 61080 96 -80
INIMIGO 2 61500 384 -80
INIMIGO 2 61620 384 -80
INIMIGO 2 61740 384 -80
INIMIGO 2 61860 384 -80
INIMIGO 2 61980 384 -80
INIMIGO 2 62100 384 -80
INIMIGO 2 62220 384 -80
INIMIGO 2 62340 384 -80
INIMIGO 2 62460 384 -80
INIMIGO 2 62580 384 -80
INIMIGO 1 62000 240 -50
INIMIGO 1 62500 190 -50
INIMIGO 1 62500 290 -50
INIMIGO 1 63000 140 -50
INIMIGO 1 63000 340 -50
POWERUP 2 64000 120 -50
INIMIGO 1 65000 50 -50
INIMIGO 1 65000 150 -50
INIMIGO 1 65000 250 -50
INIMIGO 1 65000 350 -50
INIMIGO 1 65000 450 -50
INIMIGO 1 66000 100 -50
INIMIGO 1 66000 200 -50
INIMIGO 1 66000 300 -50
INIMIGO 1 66000 400 -50
INIMIGO 2 68000 96 -80
INIMIGO 2 68120 96 -80
INIMIGO 2 68240 96 -80
INIMIGO 2 68360 96 -80
INIMIGO 2 68480 96 -80
INIMIGO 2 68600 96 -80
INIMIGO 2 68720 96 -80
INIMIGO 2 68840 96 -80
INIMIGO 2 68960 96 -80
INIMIGO 2 69080 96 -80
INIMIGO 1 70000 50 -50
INIMIGO 1 70000 430 -50
INIMIGO 1 70500 100 -50
INIMIGO 1 70500 380 -50
INIMIGO 1 71000 150 -50
INIMIGO 1 71000 330 -50
INIMIGO 1 71500 200 -50
INIMIGO 1 71500 280 -50
INIMIGO 1 72000 240 -50
INIMIGO 2 73000 384 -80
INIMIGO 2 73120 384 -80
INIMIGO 2 73240 384 -80
INIMIGO 2 73360 384 -80
INIMIGO 2 73480 384 -80
INIMIGO 2 73600 384 -80
INIMIGO 2 73720 384 -80
INIMIGO 2 73840 384 -80
INIMIGO 2 73960 384 -80
INIMIGO 2 74080 384 -80
POWERUP 1 75000 240 -50
INIMIGO 1 76000 80 -50
INIMIGO 1 76000 240 -50
INIMIGO 1 76000 400 -50
INIMIGO 1 77000 160 -50
INIMIGO 1 77000 320 -50
INIMIGO 1 78000 80 -50
INIMIGO 1 78000 240 -50
INIMIGO 1 78000 400 -50
INIMIGO 2 80000 96 -80
INIMIGO 2 80120 96 -80
INIMIGO 2 80240 96 -80
INIMIGO 2 80360 96 -80
INIMIGO 2 80480 96 -80
INIMIGO 2 80600 96 -80
INIMIGO 2 80720 96 -80
INIMIGO 2 80840 96 -80
INIMIGO 2 80960 96 -80
INIMIGO 2 81080 96 -80
INIMIGO 1 82000 90 -50
INIMIGO 1 82000 390 -50
INIMIGO 1 82500 140 -50
INIMIGO 1 82500 340 -50
INIMIGO 1 83000 190 -50
INIMIGO 1 83000 290 -50
INIMIGO 1 83500 240 -50
INIMIGO 2 85000 384 -80
INIMIGO 2 85120 384 -80
INIMIGO 2 85240 384 -80
INIMIGO 2 85360 384 -80
INIMIGO 2 85480 384 -80
INIMIGO 2 85600 384 -80
INIMIGO 2 85720 384 -80
INIMIGO 2 85840 384 -80
INIMIGO 2 85960 384 -80
INIMIGO 2 86080 384 -80

INIMIGO 2 90000 96 -80
INIMIGO 2 90120 96 -80
INIMIGO 2 90240 96 -80
INIMIGO 2 90360 96 -80
INIMIGO 2 90480 96 -80
INIMIGO 2 90600 96 -80
INIMIGO 2 90720 96 -80
INIMIGO 2 90840 96 -80
INIMIGO 2 90960 96 -80
INIMIGO 2 91080 96 -80
INIMIGO 2 91500 384 -80
INIMIGO 2 91620 384 -80
INIMIGO 2 91740 384 -80
INIMIGO 2 91860 384 -80
INIMIGO 2 91980 384 -80
INIMIGO 2 92100 384 -80
INIMIGO 2 92220 384 -80
INIMIGO 2 92340 384 -80
INIMIGO 2 92460 384 -80
INIMIGO 2 92580 384 -80
INIMIGO 1 92000 240 -50
INIMIGO 1 92500 190 -50
INIMIGO 1 92500 290 -50
INIMIGO 1 93000 140 -50
INIMIGO 1 93000 340 -50
POWERUP 2 94000 360 -50
INIMIGO 1 95000 50 -50
INIMIGO 1 95000 150 -50
INIMIGO 1 95000 250 -50
INIMIGO 1 95000 350 -50
INIMIGO 1 95000 450 -50
INIMIGO 1 96000 100 -50
INIMIGO 1 96000 200 -50
INIMIGO 1 96000 300 -50
INIMIGO 1 96000 400 -50
INIMIGO 2 98000 96 -80
INIMIGO 2 98120 96 -80
INIMIGO 2 98240 96 -80
INIMIGO 2 98360 96 -80
INIMIGO 2 98480 96 -80
INIMIGO 2 98600 96 -80
INIMIGO 2 98720 96 -80
INIMIGO 2 98840 96 -80
INIMIGO 2 98960 96 -80
INIMIGO 2 99080 96 -80
INIMIGO 1 100000 50 -50
INIMIGO 1 100000 430 -50
INIMIGO 1 100500 100 -50
INIMIGO 1 100500 380 -50
INIMIGO 1 101000 150 -50
INIMIGO 1 101000 330 -50
INIMIGO 1 101500 200 -50
INIMIGO 1 101500 280 -50
INIMIGO 1 102000 240 -50
INIMIGO 2 103000 384 -80
INIMIGO 2 103120 384 -80
INIMIGO 2 103240 384 -80
INIMIGO 2 103360 384 -80
INIMIGO 2 103480 384 -80
INIMIGO 2 103600 384 -80
INIMIGO 2 103720 384 -80
INIMIGO 2 103840 384 -80
INIMIGO 2 103960 384 -80
INIMIGO 2 104080 384 -80
POWERUP 1 105000 240 -50
INIMIGO 1 106000 80 -50
INIMIGO 1 106000 240 -50
INIMIGO 1 106000 400 -50
INIMIGO 1 107000 160 -50
INIMIGO 1 107000 320 -50
INIMIGO 1 108000 80 -50
INIMIGO 1 108000 240 -50
INIMIGO 1 108000 400 -50
INIMIGO 2 110000 96 -80
INIMIGO 2 110120 96 -80
INIMIGO 2 110240 96 -80
INIMIGO 2 110360 96 -80
INIMIGO 2 110480 96 -80
INIMIGO 2 110600 96 -80
INIMIGO 2 110720 96 -80
INIMIGO 2 110840 96 -80
INIMIGO 2 110960 96 -80
INIMIGO 2 111080 96 -80
INIMIGO 1 112000 90 -50
INIMIGO 1 112000 390 -50
INIMIGO 1 112500 140 -50
INIMIGO 1 112500 340 -50
INIMIGO 1 113000 190 -50
INIMIGO 1 113000 290 -50
INIMIGO 1 113500 240 -50
INIMIGO 2 115000 384 -80
INIMIGO 2 115120 384 -80
INIMIGO 2 115240 384 -80
INIMIGO 2 115360 384 -80
INIMIGO 2 115480 384 -80
INIMIGO 2 115600 384 -80
INIMIGO 2 115720 384 -80
INIMIGO 2 115840 384 -80
INIMIGO 2 115960 384 -80
INIMIGO 2 116080 384 -80

INIMIGO 2 120000 96 -80
INIMIGO 2 120120 96 -80
INIMIGO 2 120240 96 -80
INIMIGO 2 120360 96 -80
INIMIGO 2 120480 96 -80
INIMIGO 2 120600 96 -80
INIMIGO 2 120720 96 -80
INIMIGO 2 120840 96 -80
INIMIGO 2 120960 96 -80
INIMIGO 2 121080 96 -80
INIMIGO 2 121500 384 -80
INIMIGO 2 121620 384 -80
INIMIGO 2 121740 384 -80
INIMIGO 2 121860 384 -80
INIMIGO 2 121980 384 -80
INIMIGO 2 122100 384 -80
INIMIGO 2 122220 384 -80
INIMIGO 2 122340 384 -80
INIMIGO 2 122460 384 -80
INIMIGO 2 122580 384 -80
INIMIGO 1 122000 240 -50
INIMIGO 1 122500 190 -50
INIMIGO 1 122500 290 -50
INIMIGO 1 123000 140 -50
INIMIGO 1 123000 340 -50
POWERUP 2 124000 120 -50
INIMIGO 1 125000 50 -50
INIMIGO 1 125000 150 -50
INIMIGO 1 125000 250 -50
INIMIGO 1 125000 350 -50
INIMIGO 1 125000 450 -50
INIMIGO 1 126000 100 -50
INIMIGO 1 126000 200 -50
INIMIGO 1 126000 300 -50
INIMIGO 1 126000 400 -50
INIMIGO 2 128000 96 -80
INIMIGO 2 128120 96 -80
INIMIGO 2 128240 96 -80
INIMIGO 2 128360 96 -80
INIMIGO 2 128480 96 -80
INIMIGO 2 128600 96 -80
INIMIGO 2 128720 96 -80
INIMIGO 2 128840 96 -80
INIMIGO 2 128960 96 -80
INIMIGO 2 129080 96 -80
INIMIGO 1 130000 50 -50
INIMIGO 1 130000 430 -50
INIMIGO 1 130500 100 -50
INIMIGO 1 130500 380 -50
INIMIGO 1 131000 150 -50
INIMIGO 1 131000 330 -50
INIMIGO 1 131500 200 -50
INIMIGO 1 131500 280 -50
INIMIGO 1 132000 240 -50
INIMIGO 2 133000 384 -80
INIMIGO 2 133120 384 -80
INIMIGO 2 133240 384 -80
INIMIGO 2 133360 384 -80
INIMIGO 2 133480 384 -80
INIMIGO 2 133600 384 -80
INIMIGO 2 133720 384 -80
INIMIGO 2 133840 384 -80
INIMIGO 2 133960 384 -80
INIMIGO 2 134080 384 -80
POWERUP 1 135000 240 -50
INIMIGO 1 136000 80 -50
INIMIGO 1 136000 240 -50
INIMIGO 1 136000 400 -50
INIMIGO 1 137000 160 -50
INIMIGO 1 137000 320 -50
INIMIGO 1 138000 80 -50
INIMIGO 1 138000 240 -50
INIMIGO 1 138000 400 -50
INIMIGO 2 140000 96 -80
INIMIGO 2 140120 96 -80
INIMIGO 2 140240 96 -80
INIMIGO 2 140360 96 -80
INIMIGO 2 140480 96 -80
INIMIGO 2 140600 96 -80
INIMIGO 2 140720 96 -80
INIMIGO 2 140840 96 -80
INIMIGO 2 140960 96 -80
INIMIGO 2 141080 96 -80
INIMIGO 1 142000 90 -50
INIMIGO 1 142000 390 -50
INIMIGO 1 142500 140 -50
INIMIGO 1 142500 340 -50
INIMIGO 1 143000 190 -50
INIMIGO 1 143000 290 -50
INIMIGO 1 143500 240 -50
INIMIGO 2 145000 384 -80
INIMIGO 2 145120 384 -80
INIMIGO 2 145240 384 -80
INIMIGO 2 145360 384 -80
INIMIGO 2 145480 384 -80
INIMIGO 2 145600 384 -80
INIMIGO 2 145720 384 -80
INIMIGO 2 145840 384 -80
INIMIGO 2 145960 384 -80
INIMIGO 2 146080 384 -80

INIMIGO 2 150000 96 -80
INIMIGO 2 150120 96 -80
INIMIGO 2 150240 96 -80
INIMIGO 2 150360 96 -80
INIMIGO 2 150480 96 -80
INIMIGO 2 150600 96 -80
INIMIGO 2 150720 96 -80
INIMIGO 2 150840 96 -80
INIMIGO 2 150960 96 -80
INIMIGO 2 151080 96 -80
INIMIGO 2 151500 384 -80
INIMIGO 2 151620 384 -80
INIMIGO 2 151740 384 -80
INIMIGO 2 151860 384 -80
INIMIGO 2 151980 384 -80
INIMIGO 2 152100 384 -80
INIMIGO 2 152220 384 -80
INIMIGO 2 152340 384 -80
INIMIGO 2 152460 384 -80
INIMIGO 2 152580 384 -80
INIMIGO 1 152000 240 -50
INIMIGO 1 152500 190 -50
INIMIGO 1 152500 290 -50
INIMIGO 1 153000 140 -50
INIMIGO 1 153000 340 -50
POWERUP 2 154000 360 -50
INIMIGO 1 155000 50 -50
INIMIGO 1 155000 150 -50
INIMIGO 1 155000 250 -50
INIMIGO 1 155000 350 -50
INIMIGO 1 155000 450 -50
INIMIGO 1 156000 100 -50
INIMIGO 1 156000 200 -50
INIMIGO 1 156000 300 -50
INIMIGO 1 156000 400 -50
INIMIGO 2 158000 96 -80
INIMIGO 2 158120 96 -80
INIMIGO 2 158240 96 -80
INIMIGO 2 158360 96 -80
INIMIGO 2 158480 96 -80
INIMIGO 2 158600 96 -80
INIMIGO 2 158720 96 -80
INIMIGO 2 158840 96 -80
INIMIGO 2 158960 96 -80
INIMIGO 2 159080 96 -80
INIMIGO 1 160000 50 -50
INIMIGO 1 160000 430 -50
INIMIGO 1 160500 100 -50
INIMIGO 1 160500 380 -50
INIMIGO 1 161000 150 -50
INIMIGO 1 161000 330 -50
INIMIGO 1 161500 200 -50
INIMIGO 1 161500 280 -50
INIMIGO 1 162000 240 -50
INIMIGO 2 163000 384 -80
INIMIGO 2 163120 384 -80
INIMIGO 2 163240 384 -80
INIMIGO 2 163360 384 -80
INIMIGO 2 163480 384 -80
INIMIGO 2 163600 384 -80
INIMIGO 2 163720 384 -80
INIMIGO 2 163840 384 -80
INIMIGO 2 163960 384 -80
INIMIGO 2 164080 384 -80
POWERUP 1 165000 240 -50
INIMIGO 1 166000 80 -50
INIMIGO 1 166000 240 -50
INIMIGO 1 166000 400 -50
INIMIGO 1 167000 160 -50
INIMIGO 1 167000 320 -50
INIMIGO 1 168000 80 -50
INIMIGO 1 168000 240 -50
INIMIGO 1 168000 400 -50
INIMIGO 2 170000 96 -80
INIMIGO 2 170120 96 -80
INIMIGO 2 170240 96 -80
INIMIGO 2 170360 96 -80
INIMIGO 2 170480 96 -80
INIMIGO 2 170600 96 -80
INIMIGO 2 170720 96 -80
INIMIGO 2 170840 96 -80
INIMIGO 2 170960 96 -80
INIMIGO 2 171080 96 -80
INIMIGO 1 172000 90 -50
INIMIGO 1 172000 390 -50
INIMIGO 1 172500 140 -50
INIMIGO 1 172500 340 -50
INIMIGO 1 173000 190 -50
INIMIGO 1 173000 290 -50
INIMIGO 1 173500 240 -50
INIMIGO 2 175000 384 -80
INIMIGO 2 175120 384 -80
INIMIGO 2 175240 384 -80
INIMIGO 2 175360 384 -80
INIMIGO 2 175480 384 -80
INIMIGO 2 175600 384 -80
INIMIGO 2 175720 384 -80
INIMIGO 2 175840 384 -80
INIMIGO 2 175960 384 -80
INIMIGO 2 176080 384 -80