CHEFE 1 100 40000 240 -150

INIMIGO 1 1000 240 -50
INIMIGO 1 1500 190 -50
INIMIGO 1 1500 290 -50
INIMIGO 1 2000 140 -50
INIMIGO 1 2000 340 -50
INIMIGO 1 2500 90 -50
INIMIGO 1 2500 390 -50
INIMIGO 2 3000 96 -80
INIMIGO 2 3120 96 -80
INIMIGO 2 3240 96 -80
INIMIGO 2 3360 96 -80
INIMIGO 2 3480 96 -80
INIMIGO 2 3600 96 -80
INIMIGO 2 3720 96 -80
INIMIGO 2 3840 96 -80
INIMIGO 2 3960 96 -80
INIMIGO 2 4080 96 -80
INIMIGO 1 5000 90 -50
INIMIGO 1 5000 390 -50
INIMIGO 1 5500 140 -50
INIMIGO 1 5500 340 -50
INIMIGO 1 6000 190 -50
INIMIGO 1 6000 290 -50
INIMIGO 1 6500 240 -50
INIMIGO 2 7500 384 -80
INIMIGO 2 7620 384 -80
INIMIGO 2 7740 384 -80
INIMIGO 2 7860 384 -80
INIMIGO 2 7980 384 -80
INIMIGO 2 8100 384 -80
INIMIGO 2 8220 384 -80
INIMIGO 2 8340 384 -80
INIMIGO 2 8460 384 -80
INIMIGO 2 8580 384 -80
INIMIGO 1 9000 50 -50
INIMIGO 1 9500 126 -50
INIMIGO 1 10000 202 -50
INIMIGO 1 10500 278 -50
INIMIGO 1 11000 354 -50
INIMIGO 1 11500 430 -50
POWERUP 1 11000 120 -50
INIMIGO 2 12000 96 -80
INIMIGO 2 12120 96 -80
INIMIGO 2 12240 96 -80
INIMIGO 2 12360 96 -80
INIMIGO 2 12480 96 -80
INIMIGO 2 12600 96 -80
INIMIGO 2 12720 96 -80
INIMIGO 2 12840 96 -80
INIMIGO 2 12960 96 -80
INIMIGO 2 13080 96 -80
INIMIGO 1 14000 430 -50
INIMIGO 1 14500 354 -50
INIMIGO 1 15000 278 -50
INIMIGO 1 15500 202 -50
INIMIGO 1 16000 126 -50
INIMIGO 1 16500 50 -50
INIMIGO 2 17000 384 -80
INIMIGO 2 17120 384 -80
INIMIGO 2 17240 384 -80
INIMIGO 2 17360 384 -80
INIMIGO 2 17480 384 -80
INIMIGO 2 17600 384 -80
INIMIGO 2 17720 384 -80
INIMIGO 2 17840 384 -80
INIMIGO 2 17960 384 -80
INIMIGO 2 18080 384 -80
INIMIGO 1 19000 50 -50
INIMIGO 1 19000 126 -50
INIMIGO 1 19000 202 -50
INIMIGO 1 19000 278 -50
INIMIGO 1 19000 354 -50
INIMIGO 1 19000 430 -50
INIMIGO 2 22000 96 -80
INIMIGO 2 22120 96 -80
INIMIGO 2 22240 96 -80
INIMIGO 2 22360 96 -80
INIMIGO 2 22480 96 -80
INIMIGO 2 22600 96 -80
INIMIGO 2 22720 96 -80
INIMIGO 2 22840 96 -80
INIMIGO 2 22960 96 -80
INIMIGO 2 23080 96 -80
INIMIGO 1 24000 100 -50
INIMIGO 1 24000 380 -50
INIMIGO 1 25000 150 -50
INIMIGO 1 25000 330 -50
INIMIGO 1 26000 200 -50
INIMIGO 1 26000 280 -50
INIMIGO 2 27000 384 -80
INIMIGO 2 27120 384 -80
INIMIGO 2 27240 384 -80
INIMIGO 2 27360 384 -80
INIMIGO 2 27480 384 -80
INIMIGO 2 27600 384 -80
INIMIGO 2 27720 384 -80
INIMIGO 2 27840 384 -80
INIMIGO 2 27960 384 -80
INIMIGO 2 28080 384 -80
POWERUP 2 29000 240 -50

INIMIGO 1 31000 240 -50
INIMIGO 1 31500 190 -50
INIMIGO 1 31500 290 -50
INIMIGO 1 32000 140 -50
INIMIGO 1 32000 340 -50
INIMIGO 1 32500 90 -50
INIMIGO 1 32500 390 -50
INIMIGO 2 33000 96 -80
INIMIGO 2 33120 96 -80
INIMIGO 2 33240 96 -80
INIMIGO 2 33360 96 -80
INIMIGO 2 33480 96 -80
INIMIGO 2 33600 96 -80
INIMIGO 2 33720 96 -80
INIMIGO 2 33840 96 -80
INIMIGO 2 33960 96 -80
INIMIGO 2 34080 96 -80
INIMIGO 1 35000 90 -50
INIMIGO 1 35000 390 -50
INIMIGO 1 35500 140 -50
INIMIGO 1 35500 340 -50
INIMIGO 1 36000 190 -50
INIMIGO 1 36000 290 -50
INIMIGO 1 36500 240 -50
INIMIGO 2 37500 384 -80
INIMIGO 2 37620 384 -80
INIMIGO 2 37740 384 -80
INIMIGO 2 37860 384 -80
INIMIGO 2 37980 384 -80
INIMIGO 2 38100 384 -80
INIMIGO 2 38220 384 -80
INIMIGO 2 38340 384 -80
INIMIGO 2 38460 384 -80
INIMIGO 2 38580 384 -80
INIMIGO 1 39000 50 -50
INIMIGO 1 39500 126 -50
INIMIGO 1 40000 202 -50
INIMIGO 1 40500 278 -50
INIMIGO 1 41000 354 -50
INIMIGO 1 41500 430 -50
POWERUP 1 41000 360 -50
INIMIGO 2 42000 96 -80
INIMIGO 2 42120 96 -80
INIMIGO 2 42240 96 -80
INIMIGO 2 42360 96 -80
INIMIGO 2 42480 96 -80
INIMIGO 2 42600 96 -80
INIMIGO 2 42720 96 -80
INIMIGO 2 42840 96 -80
INIMIGO 2 42960 96 -80
INIMIGO 2 43080 96 -80
INIMIGO 1 44000 430 -50
INIMIGO 1 44500 354 -50
INIMIGO 1 45000 278 -50
INIMIGO 1 45500 202 -50
INIMIGO 1 46000 126 -50
INIMIGO 1 46500 50 -50
INIMIGO 2 47000 384 -80
INIMIGO 2 47120 384 -80
INIMIGO 2 47240 384 -80
INIMIGO 2 47360 384 -80
INIMIGO 2 47480 384 -80
INIMIGO 2 47600 384 -80
INIMIGO 2 47720 384 -80
INIMIGO 2 47840 384 -80
INIMIGO 2 47960 384 -80
INIMIGO 2 48080 384 -80
INIMIGO 1 49000 50 -50
INIMIGO 1 49000 126 -50
INIMIGO 1 49000 202 -50
INIMIGO 1 49000 278 -50
INIMIGO 1 49000 354 -50
INIMIGO 1 49000 430 -50
INIMIGO 2 52000 96 -80
INIMIGO 2 52120 96 -80
INIMIGO 2 52240 96 -80
INIMIGO 2 52360 96 -80
INIMIGO 2 52480 96 -80
INIMIGO 2 52600 96 -80
INIMIGO 2 52720 96 -80
INIMIGO 2 52840 96 -80
INIMIGO 2 52960 96 -80
INIMIGO 2 53080 96 -80
INIMIGO 1 54000 100 -50
INIMIGO 1 54000 380 -50
INIMIGO 1 55000 150 -50
INIMIGO 1 55000 330 -50
INIMIGO 1 56000 200 -50
INIMIGO 1 56000 280 -50
INIMIGO 2 57000 384 -80
INIMIGO 2 57120 384 -80
INIMIGO 2 57240 384 -80
INIMIGO 2 57360 384 -80
INIMIGO 2 57480 384 -80
INIMIGO 2 57600 384 -80
INIMIGO 2 57720 384 -80
INIMIGO 2 57840 384 -80
INIMIGO 2 57960 384 -80
INIMIGO 2 58080 384 -80
POWERUP 2 59000 240 -50

INIMIGO 1 61000 240 -50
INIMIGO 1 61500 190 -50
INIMIGO 1 61500 290 -50
INIMIGO 1 62000 140 -50
INIMIGO 1 62000 340 -50
INIMIGO 1 62500 90 -50
INIMIGO 1 62500 390 -50
INIMIGO 2 63000 96 -80
INIMIGO 2 63120 96 -80
INIMIGO 2 63240 96 -80
INIMIGO 2 63360 96 -80
INIMIGO 2 63480 96 -80
INIMIGO 2 63600 96 -80
INIMIGO 2 63720 96 -80
INIMIGO 2 63840 96 -80
INIMIGO 2 63960 96 -80
INIMIGO 2 64080 96 -80
INIMIGO 1 65000 90 -50
INIMIGO 1 65000 390 -50
INIMIGO 1 65500 140 -50
INIMIGO 1 65500 340 -50
INIMIGO 1 66000 190 -50
INIMIGO 1 66000 290 -50
INIMIGO 1 66500 240 -50
INIMIGO 2 67500 384 -80
INIMIGO 2 67620 384 -80
INIMIGO 2 67740 384 -80
INIMIGO 2 67860 384 -80
INIMIGO 2 67980 384 -80
INIMIGO 2 68100 384 -80
INIMIGO 2 68220 384 -80
INIMIGO 2 68340 384 -80
INIMIGO 2 68460 384 -80
INIMIGO 2 68580 384 -80
INIMIGO 1 69000 50 -50
INIMIGO 1 69500 126 -50
INIMIGO 1 70000 202 -50
INIMIGO 1 70500 278 -50
INIMIGO 1 71000 354 -50
INIMIGO 1 71500 430 -50
POWERUP 1 71000 120 -50
INIMIGO 2 72000 96 -80
INIMIGO 2 72120 96 -80
INIMIGO 2 72240 96 -80
INIMIGO 2 72360 96 -80
INIMIGO 2 72480 96 -80
INIMIGO 2 72600 96 -80
INIMIGO 2 72720 96 -80
INIMIGO 2 72840 96 -80
INIMIGO 2 72960 96 -80
INIMIGO 2 73080 96 -80
INIMIGO 1 74000 430 -50
INIMIGO 1 74500 354 -50
INIMIGO 1 75000 278 -50
INIMIGO 1 75500 202 -50
INIMIGO 1 76000 126 -50
INIMIGO 1 76500 50 -50
INIMIGO 2 77000 384 -80
INIMIGO 2 77120 384 -80
INIMIGO 2 77240 384 -80
INIMIGO 2 77360 384 -80
INIMIGO 2 77480 384 -80
INIMIGO 2 77600 384 -80
INIMIGO 2 77720 384 -80
INIMIGO 2 77840 384 -80
INIMIGO 2 77960 384 -80
INIMIGO 2 78080 384 -80
INIMIGO 1 79000 50 -50
INIMIGO 1 79000 126 -50
INIMIGO 1 79000 202 -50
INIMIGO 1 79000 278 -50
INIMIGO 1 79000 354 -50
INIMIGO 1 79000 430 -50
INIMIGO 2 82000 96 -80
INIMIGO 2 82120 96 -80
INIMIGO 2 82240 96 -80
INIMIGO 2 82360 96 -80
INIMIGO 2 82480 96 -80
INIMIGO 2 82600 96 -80
INIMIGO 2 82720 96 -80
INIMIGO 2 82840 96 -80
INIMIGO 2 82960 96 -80
INIMIGO 2 83080 96 -80
INIMIGO 1 84000 100 -50
INIMIGO 1 84000 380 -50
INIMIGO 1 85000 150 -50
INIMIGO 1 85000 330 -50
INIMIGO 1 86000 200 -50
INIMIGO 1 86000 280 -50
INIMIGO 2 87000 384 -80
INIMIGO 2 87120 384 -80
INIMIGO 2 87240 384 -80
INIMIGO 2 87360 384 -80
INIMIGO 2 87480 384 -80
INIMIGO 2 87600 384 -80
INIMIGO 2 87720 384 -80
INIMIGO 2 87840 384 -80
INIMIGO 2 87960 384 -80
INIMIGO 2 88080 384 -80
POWERUP 2 89000 240 -50

INIMIGO 1 91000 240 -50
INIMIGO 1 91500 190 -50
INIMIGO 1 91500 290 -50
INIMIGO 1 92000 140 -50
INIMIGO 1 92000 340 -50
INIMIGO 1 92500 90 -50
INIMIGO 1 92500 390 -50
INIMIGO 2 93000 96 -80
INIMIGO 2 93120 96 -80
INIMIGO 2 93240 96 -80
INIMIGO 2 93360 96 -80
INIMIGO 2 93480 96 -80
INIMIGO 2 93600 96 -80
INIMIGO 2 93720 96 -80
INIMIGO 2 93840 96 -80
INIMIGO 2 93960 96 -80
INIMIGO 2 94080 96 -80
INIMIGO 1 95000 90 -50
INIMIGO 1 95000 390 -50
INIMIGO 1 95500 140 -50
INIMIGO 1 95500 340 -50
INIMIGO 1 96000 190 -50
INIMIGO 1 96000 290 -50
INIMIGO 1 96500 240 -50
INIMIGO 2 97500 384 -80
INIMIGO 2 97620 384 -80
INIMIGO 2 97740 384 -80
INIMIGO 2 97860 384 -80
INIMIGO 2 97980 384 -80
INIMIGO 2 98100 384 -80
INIMIGO 2 98220 384 -80
INIMIGO 2 98340 384 -80
INIMIGO 2 98460 384 -80
INIMIGO 2 98580 384 -80
INIMIGO 1 99000 50 -50
INIMIGO 1 99500 126 -50
INIMIGO 1 100000 202 -50
INIMIGO 1 100500 278 -50
INIMIGO 1 101000 354 -50
INIMIGO 1 101500 430 -50
POWERUP 1 101000 360 -50
INIMIGO 2 102000 96 -80
INIMIGO 2 102120 96 -80
INIMIGO 2 102240 96 -80
INIMIGO 2 102360 96 -80
INIMIGO 2 102480 96 -80
INIMIGO 2 102600 96 -80
INIMIGO 2 102720 96 -80
INIMIGO 2 102840 96 -80
INIMIGO 2 102960 96 -80
INIMIGO 2 103080 96 -80
INIMIGO 1 104000 430 -50
INIMIGO 1 104500 354 -50
INIMIGO 1 105000 278 -50
INIMIGO 1 105500 202 -50
INIMIGO 1 106000 126 -50
INIMIGO 1 106500 50 -50
INIMIGO 2 107000 384 -80
INIMIGO 2 107120 384 -80
INIMIGO 2 107240 384 -80
INIMIGO 2 107360 384 -80
INIMIGO 2 107480 384 -80
INIMIGO 2 107600 384 -80
INIMIGO 2 107720 384 -80
INIMIGO 2 107840 384 -80
INIMIGO 2 107960 384 -80
INIMIGO 2 108080 384 -80
INIMIGO 1 109000 50 -50
INIMIGO 1 109000 126 -50
INIMIGO 1 109000 202 -50
INIMIGO 1 109000 278 -50
INIMIGO 1 109000 354 -50
INIMIGO 1 109000 430 -50
INIMIGO 2 112000 96 -80
INIMIGO 2 112120 96 -80
INIMIGO 2 112240 96 -80
INIMIGO 2 112360 96 -80
INIMIGO 2 112480 96 -80
INIMIGO 2 112600 96 -80
INIMIGO 2 112720 96 -80
INIMIGO 2 112840 96 -80
INIMIGO 2 112960 96 -80
INIMIGO 2 113080 96 -80
INIMIGO 1 114000 100 -50
INIMIGO 1 114000 380 -50
INIMIGO 1 115000 150 -50
INIMIGO 1 115000 330 -50
INIMIGO 1 116000 200 -50
INIMIGO 1 116000 280 -50
INIMIGO 2 117000 384 -80
INIMIGO 2 117120 384 -80
INIMIGO 2 117240 384 -80
INIMIGO 2 117360 384 -80
INIMIGO 2 117480 384 -80
INIMIGO 2 117600 384 -80
INIMIGO 2 117720 384 -80
INIMIGO 2 117840 384 -80
INIMIGO 2 117960 384 -80
INIMIGO 2 118080 384 -80
POWERUP 2 119000 240 -50

INIMIGO 1 121000 240 -50
INIMIGO 1 121500 190 -50
INIMIGO 1 121500 290 -50
INIMIGO 1 122000 140 -50
INIMIGO 1 122000 340 -50
INIMIGO 1 122500 90 -50
INIMIGO 1 122500 390 -50
INIMIGO 2 123000 96 -80
INIMIGO 2 123120 96 -80
INIMIGO 2 123240 96 -80
INIMIGO 2 123360 96 -80
INIMIGO 2 123480 96 -80
INIMIGO 2 123600 96 -80
INIMIGO 2 123720 96 -80
INIMIGO 2 123840 96 -80
INIMIGO 2 123960 96 -80
INIMIGO 2 124080 96 -80
INIMIGO 1 125000 90 -50
INIMIGO 1 125000 390 -50
INIMIGO 1 125500 140 -50
INIMIGO 1 125500 340 -50
INIMIGO 1 126000 190 -50
INIMIGO 1 126000 290 -50
INIMIGO 1 126500 240 -50
INIMIGO 2 127500 384 -80
INIMIGO 2 127620 384 -80
INIMIGO 2 127740 384 -80
INIMIGO 2 127860 384 -80
INIMIGO 2 127980 384 -80
INIMIGO 2 128100 384 -80
INIMIGO 2 128220 384 -80
INIMIGO 2 128340 384 -80
INIMIGO 2 128460 384 -80
INIMIGO 2 128580 384 -80
INIMIGO 1 129000 50 -50
INIMIGO 1 129500 126 -50
INIMIGO 1 130000 202 -50
INIMIGO 1 130500 278 -50
INIMIGO 1 131000 354 -50
INIMIGO 1 131500 430 -50
POWERUP 1 131000 120 -50
INIMIGO 2 132000 96 -80
INIMIGO 2 132120 96 -80
INIMIGO 2 132240 96 -80
INIMIGO 2 132360 96 -80
INIMIGO 2 132480 96 -80
INIMIGO 2 132600 96 -80
INIMIGO 2 132720 96 -80
INIMIGO 2 132840 96 -80
INIMIGO 2 132960 96 -80
INIMIGO 2 133080 96 -80
INIMIGO 1 134000 430 -50
INIMIGO 1 134500 354 -50
INIMIGO 1 135000 278 -50
INIMIGO 1 135500 202 -50
INIMIGO 1 136000 126 -50
INIMIGO 1 136500 50 -50
INIMIGO 2 137000 384 -80
INIMIGO 2 137120 384 -80
INIMIGO 2 137240 384 -80
INIMIGO 2 137360 384 -80
INIMIGO 2 137480 384 -80
INIMIGO 2 137600 384 -80
INIMIGO 2 137720 384 -80
INIMIGO 2 137840 384 -80
INIMIGO 2 137960 384 -80
INIMIGO 2 138080 384 -80
INIMIGO 1 139000 50 -50
INIMIGO 1 139000 126 -50
INIMIGO 1 139000 202 -50
INIMIGO 1 139000 278 -50
INIMIGO 1 139000 354 -50
INIMIGO 1 139000 430 -50
INIMIGO 2 142000 96 -80
INIMIGO 2 142120 96 -80
INIMIGO 2 142240 96 -80
INIMIGO 2 142360 96 -80
INIMIGO 2 142480 96 -80
INIMIGO 2 142600 96 -80
INIMIGO 2 142720 96 -80
INIMIGO 2 142840 96 -80
INIMIGO 2 142960 96 -80
INIMIGO 2 143080 96 -80
INIMIGO 1 144000 100 -50
INIMIGO 1 144000 380 -50
INIMIGO 1 145000 150 -50
INIMIGO 1 145000 330 -50
INIMIGO 1 146000 200 -50
INIMIGO 1 146000 280 -50
INIMIGO 2 147000 384 -80
INIMIGO 2 147120 384 -80
INIMIGO 2 147240 384 -80
INIMIGO 2 147360 384 -80
INIMIGO 2 147480 384 -80
INIMIGO 2 147600 384 -80
INIMIGO 2 147720 384 -80
INIMIGO 2 147840 384 -80
INIMIGO 2 147960 384 -80
INIMIGO 2 148080 384 -80
POWERUP 2 149000 240 -50